1111111111111111111111111111
1000000000000110000000000001
1411110111110110111110111141
1011110111110110111110111101
1000000000000000000000000001
1011110110111111110110111101
1011110110111111110110111101
1000000110000110000110000001
1111110111110110111110111111
2222210111112112111110122222
2222210112222222222110122222
2222210112111331112110122222
1111110112122222212110111111
2222220222122222212220000000
1111110112122222212110111111
2222210112111111112110122222
2222210112222222222110122222
2222210112111111112110122222
1111110110111111110110111111
1000000000000110000000000001
1011110111110110111110111101
1011110111110110111110111101
1400110000000000000000110041
1110110110111111110110110111
1110110110111111110110110111
1000000110000110000110000001
1011111111110110111111111101
1011111111110110111111111101
1000000000000000000000000001
1111111111111111111111111111
